export const tables = [
    {
        id: 1,
        description: 'One-Level',
        axes: ['Time-step'],
        coordinates: {
            "Time-step": ["2015Q4", "2016Q4", "2017Q4", "2018Q4", "2019Q4", "2020Q4", "2021Q4", "2022Q4", "2023Q4", "2024Q4", "2025Q4", "2026Q4"],
        },
        values: [[1, 0.583493128, 0.267812242, 0.122705474, 0.045349374, -0.021561285, 0.004118424, 0.036806643, 0.084738271, -0.045861759, 0.024634832, 0.036951225],
            [0.583493128, 1, 0.569622633, 0.307354109, 0.087717749, 0.111275967, -0.03554995, -0.202930268, -0.16670317, -0.206864611, -0.117302483, -0.032534922],
            [0.267812242, 0.569622633, 1, 0.718973628, 0.343948444, 0.347385562, 0.146517985, 0.044105588, 0.091774553, 0.055709017, 0.044928172, 0.101416143],
            [0.122705474, 0.307354109, 0.718973628, 1, 0.614753286, 0.504749986, 0.410552597, 0.345936787, 0.355653101, 0.256475699, 0.227722363, 0.174227228],
            [0.045349374, 0.087717749, 0.343948444, 0.614753286, 1, 0.823648157, 0.732483565, 0.597244106, 0.522935617, 0.403088152, 0.343906005, 0.314624464],
            [-0.021561285, 0.111275967, 0.347385562, 0.504749986, 0.823648157, 1, 0.824260241, 0.737527234, 0.646618672, 0.577667265, 0.545440419, 0.52298246],
            [0.004118424, -0.03554995, 0.146517985, 0.410552597, 0.732483565, 0.824260241, 1, 0.911546192, 0.843432391, 0.759585145, 0.668640565, 0.594485343],
            [0.036806643, -0.202930268, 0.044105588, 0.345936787, 0.597244106, 0.737527234, 0.911546192, 1, 0.890233359, 0.813213814, 0.756563992, 0.694278722],
            [0.084738271, -0.16670317, 0.091774553, 0.355653101, 0.522935617, 0.646618672, 0.843432391, 0.890233359, 1, 0.913878727, 0.818855723, 0.649433742],
            [-0.045861759, -0.206864611, 0.055709017, 0.256475699, 0.403088152, 0.577667265, 0.759585145, 0.813213814, 0.913878727, 1, 0.895019798, 0.731110529],
            [0.024634832, -0.117302483, 0.044928172, 0.227722363, 0.343906005, 0.545440419, 0.668640565, 0.756563992, 0.818855723, 0.895019798, 1, 0.881456006],
            [0.036951225, -0.032534922, 0.101416143, 0.174227228, 0.314624464, 0.52298246, 0.594485343, 0.694278722, 0.649433742, 0.731110529, 0.881456006, 1]]
    },
    {
        id: 2,
        description: 'Two-Level',

        axes: ['Product', 'Time-step'],
        coordinates: {
            Product: ['Auto Liability', 'Homeowners'],
            "Time-step": ['2016', '2017', '2018', '2019', '2020'],
        },
        values: [
            [1, .873, .641, .417, .016, 0, .003, .001, .117, .016],
            [.873, 1, .873, .641, .0417, .013, .000, .003, .001, .007],
            [.417, .873, 1, .873, .641, .117, .173, .020, .073, .041],
            [.417, .641, .873, 1, .873, .017, .041, .073, .002, .063],
            [.016, .417, .641, .873, 1, .016, .016, .017, .041, .073],

            [0, .003, .001, .117, .016, 1, .873, .641, .417, .016],
            [.013, .000, .003, .001, .007, .873, 1, .873, .641, .0417],
            [.117, .173, .020, .073, .041, .417, .873, 1, .873, .641],
            [.017, .041, .073, .002, .063, .417, .641, .873, 1, .873],
            [.016, .017, .041, .073, .030, .016, .417, .641, .873, 1],
        ]
    },
    {
        id: 3,
        description: 'Three-Level',
        axes: ['Economy', 'Product', 'Time-step'],
        coordinates: {
            Economy: ["US", "GB"],
            Product: ['Auto Liability', 'Homeowners'],
            "Time-step": ['2016', '2017', '2018', '2019', '2020']
        },
        values: [
            [1, .873, .641, .417, .016, 0, .003, .001, .117, .016, 1, .873, .641, .417, .016, 0, .003, .001, .117, .016],
            [.873, 1, .873, .641, .0417, .013, .000, .003, .001, .007, .873, 1, .873, .641, .0417, .013, .000, .003, .001, .007],
            [.417, .873, 1, .873, .641, .117, .173, .020, .073, .041, .417, .873, 1, .873, .641, .117, .173, .020, .073, .041],
            [.417, .641, .873, 1, .873, .017, .041, .073, .002, .063, .417, .641, .873, 1, .873, .017, .041, .073, .002, .063],
            [.016, .417, .641, .873, 1, .016, .016, .017, .041, .073, .016, .417, .641, .873, 1, .016, .016, .017, .041, .073],

            [0, .003, .001, .117, .016, 1, .873, .641, .417, .016, 0, .003, .001, .117, .016, 1, .873, .641, .417, .016],
            [.013, .000, .003, .001, .007, .873, 1, .873, .641, .0417, .013, .000, .003, .001, .007, .873, 1, .873, .641, .0417],
            [.117, .173, .020, .073, .041, .417, .873, 1, .873, .641, .117, .173, .020, .073, .041, .417, .873, 1, .873, .641],
            [.017, .041, .073, .002, .063, .417, .641, .873, 1, .873, .017, .041, .073, .002, .063, .417, .641, .873, 1, .873],
            [.016, .017, .041, .073, .030, .016, .417, .641, .873, 1, .016, .017, .041, .073, .030, .016, .417, .641, .873, 1],

            [1, .873, .641, .417, .016, 0, .003, .001, .117, .016, 1, .873, .641, .417, .016, 0, .003, .001, .117, .016],
            [.873, 1, .873, .641, .0417, .013, .000, .003, .001, .007, .873, 1, .873, .641, .0417, .013, .000, .003, .001, .007],
            [.417, .873, 1, .873, .641, .117, .173, .020, .073, .041, .417, .873, 1, .873, .641, .117, .173, .020, .073, .041],
            [.417, .641, .873, 1, .873, .017, .041, .073, .002, .063, .417, .641, .873, 1, .873, .017, .041, .073, .002, .063],
            [.016, .417, .641, .873, 1, .016, .016, .017, .041, .073, .016, .417, .641, .873, 1, .016, .016, .017, .041, .073],

            [0, .003, .001, .117, .016, 1, .873, .641, .417, .016, 0, .003, .001, .117, .016, 1, .873, .641, .417, .016],
            [.013, .000, .003, .001, .007, .873, 1, .873, .641, .0417, .013, .000, .003, .001, .007, .873, 1, .873, .641, .0417],
            [.117, .173, .020, .073, .041, .417, .873, 1, .873, .641, .117, .173, .020, .073, .041, .417, .873, 1, .873, .641],
            [.017, .041, .073, .002, .063, .417, .641, .873, 1, .873, .017, .041, .073, .002, .063, .417, .641, .873, 1, .873],
            [.016, .017, .041, .073, .030, .016, .417, .641, .873, 1, .016, .017, .041, .073, .030, .016, .417, .641, .873, 1],

        ]
    },
    {
        id: 4,
        description: 'Four-Level',
        axes: ['Planets', 'Economy', 'Product', 'Time-step'],
        coordinates: {
            Planets: ["Earth", "Mars"],
            Economy: ["US", "GB"],
            Product: ['Auto Liability', 'Homeowners'],
            "Time-step": ['2016', '2017', '2018', '2019', '2020']
        },
        values: [
            [1, .873, .641, .417, .016, 0, .003, .001, .117, .016, 1, .873, .641, .417, .016, 0, .003, .001, .117, .016, 1, .873, .641, .417, .016, 0, .003, .001, .117, .016, 1, .873, .641, .417, .016, 0, .003, .001, .117, .016],
            [.873, 1, .873, .641, .0417, .013, .000, .003, .001, .007, .873, 1, .873, .641, .0417, .013, .000, .003, .001, .007, .873, 1, .873, .641, .0417, .013, .000, .003, .001, .007, .873, 1, .873, .641, .0417, .013, .000, .003, .001, .007],
            [.417, .873, 1, .873, .641, .117, .173, .020, .073, .041, .417, .873, 1, .873, .641, .117, .173, .020, .073, .041, .417, .873, 1, .873, .641, .117, .173, .020, .073, .041, .417, .873, 1, .873, .641, .117, .173, .020, .073, .041],
            [.417, .641, .873, 1, .873, .017, .041, .073, .002, .063, .417, .641, .873, 1, .873, .017, .041, .073, .002, .063, .417, .641, .873, 1, .873, .017, .041, .073, .002, .063, .417, .641, .873, 1, .873, .017, .041, .073, .002, .063],
            [.016, .417, .641, .873, 1, .016, .016, .017, .041, .073, .016, .417, .641, .873, 1, .016, .016, .017, .041, .073, .016, .417, .641, .873, 1, .016, .016, .017, .041, .073, .016, .417, .641, .873, 1, .016, .016, .017, .041, .073],

            [0, .003, .001, .117, .016, 1, .873, .641, .417, .016, 0, .003, .001, .117, .016, 1, .873, .641, .417, .016, 0, .003, .001, .117, .016, 1, .873, .641, .417, .016, 0, .003, .001, .117, .016, 1, .873, .641, .417, .016],
            [.013, .000, .003, .001, .007, .873, 1, .873, .641, .0417, .013, .000, .003, .001, .007, .873, 1, .873, .641, .0417, .013, .000, .003, .001, .007, .873, 1, .873, .641, .0417, .013, .000, .003, .001, .007, .873, 1, .873, .641, .0417],
            [.117, .173, .020, .073, .041, .417, .873, 1, .873, .641, .117, .173, .020, .073, .041, .417, .873, 1, .873, .641, .117, .173, .020, .073, .041, .417, .873, 1, .873, .641, .117, .173, .020, .073, .041, .417, .873, 1, .873, .641],
            [.017, .041, .073, .002, .063, .417, .641, .873, 1, .873, .017, .041, .073, .002, .063, .417, .641, .873, 1, .873, .017, .041, .073, .002, .063, .417, .641, .873, 1, .873, .017, .041, .073, .002, .063, .417, .641, .873, 1, .873],
            [.016, .017, .041, .073, .030, .016, .417, .641, .873, 1, .016, .017, .041, .073, .030, .016, .417, .641, .873, 1, .016, .017, .041, .073, .030, .016, .417, .641, .873, 1, .016, .017, .041, .073, .030, .016, .417, .641, .873, 1],

            [1, .873, .641, .417, .016, 0, .003, .001, .117, .016, 1, .873, .641, .417, .016, 0, .003, .001, .117, .016, 1, .873, .641, .417, .016, 0, .003, .001, .117, .016, 1, .873, .641, .417, .016, 0, .003, .001, .117, .016],
            [.873, 1, .873, .641, .0417, .013, .000, .003, .001, .007, .873, 1, .873, .641, .0417, .013, .000, .003, .001, .007, .873, 1, .873, .641, .0417, .013, .000, .003, .001, .007, .873, 1, .873, .641, .0417, .013, .000, .003, .001, .007],
            [.417, .873, 1, .873, .641, .117, .173, .020, .073, .041, .417, .873, 1, .873, .641, .117, .173, .020, .073, .041, .417, .873, 1, .873, .641, .117, .173, .020, .073, .041, .417, .873, 1, .873, .641, .117, .173, .020, .073, .041],
            [.417, .641, .873, 1, .873, .017, .041, .073, .002, .063, .417, .641, .873, 1, .873, .017, .041, .073, .002, .063, .417, .641, .873, 1, .873, .017, .041, .073, .002, .063, .417, .641, .873, 1, .873, .017, .041, .073, .002, .063],
            [.016, .417, .641, .873, 1, .016, .016, .017, .041, .073, .016, .417, .641, .873, 1, .016, .016, .017, .041, .073, .016, .417, .641, .873, 1, .016, .016, .017, .041, .073, .016, .417, .641, .873, 1, .016, .016, .017, .041, .073],

            [0, .003, .001, .117, .016, 1, .873, .641, .417, .016, 0, .003, .001, .117, .016, 1, .873, .641, .417, .016, 0, .003, .001, .117, .016, 1, .873, .641, .417, .016, 0, .003, .001, .117, .016, 1, .873, .641, .417, .016],
            [.013, .000, .003, .001, .007, .873, 1, .873, .641, .0417, .013, .000, .003, .001, .007, .873, 1, .873, .641, .0417, .013, .000, .003, .001, .007, .873, 1, .873, .641, .0417, .013, .000, .003, .001, .007, .873, 1, .873, .641, .0417],
            [.117, .173, .020, .073, .041, .417, .873, 1, .873, .641, .117, .173, .020, .073, .041, .417, .873, 1, .873, .641, .117, .173, .020, .073, .041, .417, .873, 1, .873, .641, .117, .173, .020, .073, .041, .417, .873, 1, .873, .641],
            [.017, .041, .073, .002, .063, .417, .641, .873, 1, .873, .017, .041, .073, .002, .063, .417, .641, .873, 1, .873, .017, .041, .073, .002, .063, .417, .641, .873, 1, .873, .017, .041, .073, .002, .063, .417, .641, .873, 1, .873],
            [.016, .017, .041, .073, .030, .016, .417, .641, .873, 1, .016, .017, .041, .073, .030, .016, .417, .641, .873, 1, .016, .017, .041, .073, .030, .016, .417, .641, .873, 1, .016, .017, .041, .073, .030, .016, .417, .641, .873, 1],

            [1, .873, .641, .417, .016, 0, .003, .001, .117, .016, 1, .873, .641, .417, .016, 0, .003, .001, .117, .016, 1, .873, .641, .417, .016, 0, .003, .001, .117, .016, 1, .873, .641, .417, .016, 0, .003, .001, .117, .016],
            [.873, 1, .873, .641, .0417, .013, .000, .003, .001, .007, .873, 1, .873, .641, .0417, .013, .000, .003, .001, .007, .873, 1, .873, .641, .0417, .013, .000, .003, .001, .007, .873, 1, .873, .641, .0417, .013, .000, .003, .001, .007],
            [.417, .873, 1, .873, .641, .117, .173, .020, .073, .041, .417, .873, 1, .873, .641, .117, .173, .020, .073, .041, .417, .873, 1, .873, .641, .117, .173, .020, .073, .041, .417, .873, 1, .873, .641, .117, .173, .020, .073, .041],
            [.417, .641, .873, 1, .873, .017, .041, .073, .002, .063, .417, .641, .873, 1, .873, .017, .041, .073, .002, .063, .417, .641, .873, 1, .873, .017, .041, .073, .002, .063, .417, .641, .873, 1, .873, .017, .041, .073, .002, .063],
            [.016, .417, .641, .873, 1, .016, .016, .017, .041, .073, .016, .417, .641, .873, 1, .016, .016, .017, .041, .073, .016, .417, .641, .873, 1, .016, .016, .017, .041, .073, .016, .417, .641, .873, 1, .016, .016, .017, .041, .073],

            [0, .003, .001, .117, .016, 1, .873, .641, .417, .016, 0, .003, .001, .117, .016, 1, .873, .641, .417, .016, 0, .003, .001, .117, .016, 1, .873, .641, .417, .016, 0, .003, .001, .117, .016, 1, .873, .641, .417, .016],
            [.013, .000, .003, .001, .007, .873, 1, .873, .641, .0417, .013, .000, .003, .001, .007, .873, 1, .873, .641, .0417, .013, .000, .003, .001, .007, .873, 1, .873, .641, .0417, .013, .000, .003, .001, .007, .873, 1, .873, .641, .0417],
            [.117, .173, .020, .073, .041, .417, .873, 1, .873, .641, .117, .173, .020, .073, .041, .417, .873, 1, .873, .641, .117, .173, .020, .073, .041, .417, .873, 1, .873, .641, .117, .173, .020, .073, .041, .417, .873, 1, .873, .641],
            [.017, .041, .073, .002, .063, .417, .641, .873, 1, .873, .017, .041, .073, .002, .063, .417, .641, .873, 1, .873, .017, .041, .073, .002, .063, .417, .641, .873, 1, .873, .017, .041, .073, .002, .063, .417, .641, .873, 1, .873],
            [.016, .017, .041, .073, .030, .016, .417, .641, .873, 1, .016, .017, .041, .073, .030, .016, .417, .641, .873, 1, .016, .017, .041, .073, .030, .016, .417, .641, .873, 1, .016, .017, .041, .073, .030, .016, .417, .641, .873, 1],

            [1, .873, .641, .417, .016, 0, .003, .001, .117, .016, 1, .873, .641, .417, .016, 0, .003, .001, .117, .016, 1, .873, .641, .417, .016, 0, .003, .001, .117, .016, 1, .873, .641, .417, .016, 0, .003, .001, .117, .016],
            [.873, 1, .873, .641, .0417, .013, .000, .003, .001, .007, .873, 1, .873, .641, .0417, .013, .000, .003, .001, .007, .873, 1, .873, .641, .0417, .013, .000, .003, .001, .007, .873, 1, .873, .641, .0417, .013, .000, .003, .001, .007],
            [.417, .873, 1, .873, .641, .117, .173, .020, .073, .041, .417, .873, 1, .873, .641, .117, .173, .020, .073, .041, .417, .873, 1, .873, .641, .117, .173, .020, .073, .041, .417, .873, 1, .873, .641, .117, .173, .020, .073, .041],
            [.417, .641, .873, 1, .873, .017, .041, .073, .002, .063, .417, .641, .873, 1, .873, .017, .041, .073, .002, .063, .417, .641, .873, 1, .873, .017, .041, .073, .002, .063, .417, .641, .873, 1, .873, .017, .041, .073, .002, .063],
            [.016, .417, .641, .873, 1, .016, .016, .017, .041, .073, .016, .417, .641, .873, 1, .016, .016, .017, .041, .073, .016, .417, .641, .873, 1, .016, .016, .017, .041, .073, .016, .417, .641, .873, 1, .016, .016, .017, .041, .073],

            [0, .003, .001, .117, .016, 1, .873, .641, .417, .016, 0, .003, .001, .117, .016, 1, .873, .641, .417, .016, 0, .003, .001, .117, .016, 1, .873, .641, .417, .016, 0, .003, .001, .117, .016, 1, .873, .641, .417, .016],
            [.013, .000, .003, .001, .007, .873, 1, .873, .641, .0417, .013, .000, .003, .001, .007, .873, 1, .873, .641, .0417, .013, .000, .003, .001, .007, .873, 1, .873, .641, .0417, .013, .000, .003, .001, .007, .873, 1, .873, .641, .0417],
            [.117, .173, .020, .073, .041, .417, .873, 1, .873, .641, .117, .173, .020, .073, .041, .417, .873, 1, .873, .641, .117, .173, .020, .073, .041, .417, .873, 1, .873, .641, .117, .173, .020, .073, .041, .417, .873, 1, .873, .641],
            [.017, .041, .073, .002, .063, .417, .641, .873, 1, .873, .017, .041, .073, .002, .063, .417, .641, .873, 1, .873, .017, .041, .073, .002, .063, .417, .641, .873, 1, .873, .017, .041, .073, .002, .063, .417, .641, .873, 1, .873],
            [.016, .017, .041, .073, .030, .016, .417, .641, .873, 1, .016, .017, .041, .073, .030, .016, .417, .641, .873, 1, .016, .017, .041, .073, .030, .016, .417, .641, .873, 1, .016, .017, .041, .073, .030, .016, .417, .641, .873, 1]

        ]
    },
    {
        id: 5,
        description: 'Three-Level (Big)',
        axes: ['Economy', 'Time-step', 'Periods'],
        coordinates: {
            Economy: ['DE', 'GB', 'JP', 'US'],
            "Time-step": ['2016Q4', '2017Q4', '2018Q4'],
            Periods: ['0', '4', '8', '40', '120']
        },
        values: [
            [1, 0.984313914, 0.930513619, 0.394491153, 0.152020972, 0.631806717, 0.605732162, 0.541849529, 0.170098817, 0.055520564, 0.269203727, 0.20276918, 0.125111631, -0.101155717, -0.155505924, 0.68181821, 0.659922125, 0.613038594, 0.205802969, 0.036584229, 0.630750093, 0.595849571, 0.52131314, 0.10101757, -0.017665635, 0.345483697, 0.307756946, 0.257832056, 0.063487066, 0.004960883, 0.140680361, 0.121905516, 0.110725845, 0.084956141, 0.068392272, -0.021869059, -0.031134258, -0.036279027, -0.047096123, -0.053359905, 0.127897299, 0.124238261, 0.121855347, 0.113581778, 0.104511849, 0.635827272, 0.526197269, 0.443548, 0.176085308, 0.075808811, 0.317256727, 0.240300819, 0.187880803, 0.062921613, 0.025362509, 0.298810896, 0.235018833, 0.185797907, 0.038566739, -0.009793381],
            [0.984313914, 1, 0.980506713, 0.547387269, 0.316426821, 0.583858009, 0.583090104, 0.54732064, 0.25182184, 0.149616049, 0.275429591, 0.22505101, 0.160924851, -0.044274865, -0.097490543, 0.657256645, 0.658399522, 0.637194678, 0.318012562, 0.163337742, 0.568438584, 0.556732584, 0.509453289, 0.172393958, 0.068617374, 0.348762121, 0.321504427, 0.280556211, 0.105083085, 0.04965227, 0.21015526, 0.196621408, 0.188255454, 0.168072243, 0.154285796, 0.024897534, 0.017598157, 0.013466608, 0.004203698, -0.001925828, 0.146623445, 0.143973639, 0.142027587, 0.133295377, 0.122121745, 0.704617355, 0.619784057, 0.552444096, 0.316108952, 0.216817858, 0.367792666, 0.312197444, 0.26907541, 0.156059512, 0.119153662, 0.363253533, 0.302949893, 0.253082212, 0.097288278, 0.044295262],
            [0.930513619, 0.980506713, 1, 0.69910217, 0.490674417, 0.506034748, 0.533789819, 0.531189352, 0.334316928, 0.250684048, 0.267799669, 0.237802927, 0.192003482, 0.02096557, -0.02813273, 0.609867743, 0.636942061, 0.645370446, 0.43584702, 0.302713792, 0.478599326, 0.493670648, 0.478986152, 0.247971262, 0.16467798, 0.338446615, 0.324425723, 0.295537679, 0.149027051, 0.0994198, 0.282538873, 0.275114885, 0.270067291, 0.256714853, 0.246630446, 0.07700845, 0.072059103, 0.069150356, 0.061874209, 0.056119992, 0.161727647, 0.160313992, 0.158930734, 0.149975724, 0.1367937, 0.754964167, 0.701152458, 0.653821543, 0.463396636, 0.369708923, 0.409741682, 0.381320498, 0.35088049, 0.25676689, 0.222283217, 0.42135479, 0.368097601, 0.319827744, 0.161114037, 0.105094165],
            [0.394491153, 0.547387269, 0.69910217, 1, 0.963444939, 0.006688623, 0.12944074, 0.252397362, 0.513483263, 0.539365211, 0.087828368, 0.149278109, 0.19650374, 0.248478501, 0.243066317, 0.26693847, 0.380096249, 0.493916779, 0.749871573, 0.738235436, -0.011731048, 0.099298676, 0.212046369, 0.454917386, 0.475978398, 0.163060059, 0.208298831, 0.239747264, 0.268456054, 0.261970181, 0.469196664, 0.483497313, 0.490612407, 0.504851647, 0.512893468, 0.245443002, 0.249361713, 0.251171989, 0.252609954, 0.250316569, 0.151437347, 0.155120742, 0.156306293, 0.149456222, 0.13305945, 0.651372614, 0.731212209, 0.778380016, 0.852574429, 0.823780761, 0.398014232, 0.49306249, 0.527988292, 0.553424547, 0.544385403, 0.468858038, 0.471809208, 0.452925775, 0.353168106, 0.309281857],
            [0.152020972, 0.316426821, 0.490674417, 0.963444939, 1, -0.186235144, -0.047352428, 0.103846876, 0.502616278, 0.569622633, -0.020048645, 0.068103746, 0.146606942, 0.290333607, 0.307354109, 0.14152733, 0.269265121, 0.403671291, 0.778094473, 0.806876524, -0.173020944, -0.042223976, 0.100607199, 0.475037026, 0.528865724, 0.070309749, 0.133210807, 0.184627597, 0.279805131, 0.291495769, 0.482638507, 0.5004658, 0.509711323, 0.530171637, 0.543928919, 0.272818055, 0.278344341, 0.281049774, 0.284590156, 0.283820447, 0.122424079, 0.127395342, 0.129310379, 0.123956267, 0.108359107, 0.515436433, 0.630809085, 0.706619672, 0.878814284, 0.882857579, 0.327993703, 0.460796637, 0.518266828, 0.59140089, 0.594916047, 0.412047747, 0.44077986, 0.43838167, 0.380377717, 0.34861209],
            [0.631806717, 0.583858009, 0.506034748, 0.006688623, -0.186235144, 1, 0.971688491, 0.882138644, 0.30344725, 0.112927472, 0.610191421, 0.522386157, 0.403340395, 0.009229679, -0.0887724, 0.111607761, 0.060799288, 0.001167759, -0.236840026, -0.291881721, 0.821997837, 0.787092867, 0.701089615, 0.181313585, 0.031546915, 0.447633246, 0.390204941, 0.319185854, 0.063711329, -0.007044645, -0.057572341, -0.059070303, -0.060191878, -0.067068283, -0.076944823, 0.011857696, 0.010152018, 0.009335629, 0.009278325, 0.011496711, 0.084793263, 0.079779752, 0.077420157, 0.078049089, 0.085888477, 0.360469532, 0.237091111, 0.144616678, -0.143476295, -0.232988064, 0.527993614, 0.356044189, 0.252887874, 0.047140297, -0.007709182, 0.239305632, 0.117488558, 0.05492135, -0.051430848, -0.075349559],
            [0.605732162, 0.583090104, 0.533789819, 0.12944074, -0.047352428, 0.971688491, 1, 0.968422317, 0.518146602, 0.339890519, 0.61631015, 0.576715165, 0.499355451, 0.175878404, 0.08436637, 0.075557419, 0.041783101, 0.001741649, -0.16246975, -0.202595195, 0.783109099, 0.792094857, 0.752294702, 0.341404, 0.202715419, 0.44618731, 0.418572031, 0.373353823, 0.172140558, 0.109563425, 0.026437928, 0.029356388, 0.030433992, 0.026512526, 0.016251536, 0.157599174, 0.157652021, 0.157602051, 0.157843902, 0.158506942, 0.174535042, 0.170474788, 0.168484405, 0.168470217, 0.174044905, 0.392429565, 0.299302872, 0.226509904, -0.015178851, -0.097739392, 0.65473184, 0.52548713, 0.439596961, 0.251365042, 0.195210079, 0.332770612, 0.236330041, 0.184621495, 0.093489302, 0.069795834],
            [0.541849529, 0.54732064, 0.531189352, 0.252397362, 0.103846876, 0.882138644, 0.968422317, 1, 0.713819422, 0.56011574, 0.583583902, 0.597456141, 0.569120431, 0.341408048, 0.262940336, 0.0354006, 0.021669447, 0.004694043, -0.072407619, -0.094677558, 0.697114391, 0.751903964, 0.763190135, 0.491287552, 0.372530812, 0.418623589, 0.424459864, 0.409451127, 0.27810978, 0.228033465, 0.113914333, 0.121240688, 0.124525994, 0.123817087, 0.113638736, 0.302547349, 0.304386105, 0.305108555, 0.305547477, 0.304440481, 0.259764147, 0.256925547, 0.25542788, 0.254698313, 0.257522968, 0.403078129, 0.347392906, 0.299784785, 0.122105863, 0.052020514, 0.747887477, 0.671624438, 0.609418778, 0.452416091, 0.398780811, 0.411711862, 0.347710806, 0.310618282, 0.241624627, 0.21982549],
            [0.170098817, 0.25182184, 0.334316928, 0.513483263, 0.502616278, 0.30344725, 0.518146602, 0.713819422, 1, 0.97867557, 0.261007351, 0.419889495, 0.541230067, 0.678482396, 0.671395404, -0.064008393, -0.016974222, 0.035833456, 0.22107671, 0.253236869, 0.229039304, 0.391019306, 0.538895164, 0.743330962, 0.721592933, 0.199218439, 0.298797392, 0.375418407, 0.489916102, 0.493573308, 0.3189003, 0.334997787, 0.342718253, 0.34972738, 0.342157531, 0.60056845, 0.606012733, 0.608214794, 0.607993109, 0.601495765, 0.412013731, 0.413292866, 0.413531838, 0.410708922, 0.404656165, 0.29223787, 0.359393247, 0.399020927, 0.467648876, 0.459136219, 0.723300055, 0.822576152, 0.851351902, 0.851768212, 0.82970486, 0.484649627, 0.532087025, 0.54929564, 0.572456931, 0.566101128],
            [0.055520564, 0.149616049, 0.250684048, 0.539365211, 0.569622633, 0.112927472, 0.339890519, 0.56011574, 0.97867557, 1, 0.136795784, 0.319638153, 0.470940863, 0.702171535, 0.718973628, -0.068730144, -0.01005517, 0.055885134, 0.288143192, 0.329640573, 0.096224648, 0.270720302, 0.439693761, 0.745868772, 0.751278632, 0.126608575, 0.243197871, 0.338116043, 0.509459919, 0.527617226, 0.344189177, 0.360533201, 0.368361851, 0.375831762, 0.36889058, 0.624017605, 0.629459994, 0.631589136, 0.630562756, 0.62272556, 0.418020023, 0.420082298, 0.42065239, 0.417319504, 0.409362639, 0.237422239, 0.329883874, 0.388883741, 0.518972873, 0.52865713, 0.637897397, 0.774653481, 0.82649482, 0.877380125, 0.869090542, 0.458155624, 0.529477222, 0.559629485, 0.608587014, 0.608388827],
            [0.269203727, 0.275429591, 0.267799669, 0.087828368, -0.020048645, 0.610191421, 0.61631015, 0.583583902, 0.261007351, 0.136795784, 1, 0.962807452, 0.862594051, 0.397150505, 0.265034246, -0.144310585, -0.155873112, -0.165753849, -0.168057115, -0.159558724, 0.360719165, 0.346487717, 0.309502532, 0.079721734, 0.011905678, 0.761459054, 0.72489488, 0.658481831, 0.352582713, 0.260187424, 0.004955222, 0.032897825, 0.048331604, 0.075258963, 0.082515871, 0.039825304, 0.055336408, 0.063722081, 0.07871821, 0.083835625, 0.423077523, 0.420233895, 0.418737649, 0.418937924, 0.423532533, 0.350835817, 0.321981855, 0.283499819, 0.090170199, 0.010230221, 0.334544752, 0.244348757, 0.183192592, 0.035897055, -0.008087626, 0.608126808, 0.486248326, 0.41586047, 0.278421462, 0.237479528],
            [0.20276918, 0.22505101, 0.237802927, 0.149278109, 0.068103746, 0.522386157, 0.576715165, 0.597456141, 0.419889495, 0.319638153, 0.962807452, 1, 0.967180871, 0.628887165, 0.512077651, -0.161171375, -0.156781588, -0.148732103, -0.087813477, -0.0678763, 0.294412298, 0.32479237, 0.336827105, 0.236979606, 0.187814457, 0.729167321, 0.747319945, 0.729711777, 0.533809565, 0.46031059, 0.085470361, 0.11847239, 0.136429156, 0.166412401, 0.172560273, 0.164490674, 0.182994766, 0.192868119, 0.209904564, 0.214770916, 0.547786926, 0.547424632, 0.547154789, 0.548744887, 0.552539345, 0.364430089, 0.369025407, 0.351775221, 0.206566587, 0.134322027, 0.396290267, 0.356689158, 0.320093355, 0.212693842, 0.175124551, 0.699333251, 0.632353369, 0.588591559, 0.498172756, 0.464557929],
            [0.125111631, 0.160924851, 0.192003482, 0.19650374, 0.146606942, 0.403340395, 0.499355451, 0.569120431, 0.541230067, 0.470940863, 0.862594051, 0.967180871, 1, 0.804903144, 0.710905427, -0.166177349, -0.147295142, -0.123144615, -0.007402828, 0.021973616, 0.213285593, 0.283272653, 0.340247962, 0.368343035, 0.339928779, 0.652045877, 0.720198976, 0.749384285, 0.669180928, 0.618225765, 0.155578337, 0.190991084, 0.210035375, 0.240661466, 0.245168757, 0.271077397, 0.291087938, 0.301657268, 0.319346451, 0.323528321, 0.628852394, 0.630810479, 0.631692171, 0.634455304, 0.637246661, 0.352076203, 0.388061476, 0.392063186, 0.302036263, 0.241914777, 0.426484605, 0.437189175, 0.426329102, 0.364537912, 0.335853124, 0.737647275, 0.726335219, 0.710542139, 0.67131054, 0.647244514],
            [-0.101155717, -0.044274865, 0.02096557, 0.248478501, 0.290333607, 0.009229679, 0.175878404, 0.341408048, 0.678482396, 0.702171535, 0.397150505, 0.628887165, 0.804903144, 1, 0.988678227, -0.133349366, -0.087955197, -0.035031461, 0.171638291, 0.215173097, -0.021633527, 0.118414379, 0.260818906, 0.568131274, 0.594331669, 0.320592779, 0.483884677, 0.610727294, 0.810743366, 0.82388688, 0.277140031, 0.307545007, 0.323336177, 0.345380243, 0.343265449, 0.448472759, 0.466061389, 0.475073666, 0.488487751, 0.488900513, 0.653919637, 0.660378136, 0.663505305, 0.667999156, 0.667772236, 0.224158568, 0.325149936, 0.378239165, 0.440989399, 0.425110739, 0.371680215, 0.496177248, 0.549179659, 0.616800409, 0.619145657, 0.62571635, 0.741764889, 0.7946017, 0.891833125, 0.899746111],
            [-0.155505924, -0.097490543, -0.02813273, 0.243066317, 0.307354109, -0.0887724, 0.08436637, 0.262940336, 0.671395404, 0.718973628, 0.265034246, 0.512077651, 0.710905427, 0.988678227, 1, -0.118047391, -0.070403637, -0.015179445, 0.19734596, 0.241717389, -0.068423245, 0.077848232, 0.229600475, 0.577614884, 0.614257019, 0.238780649, 0.413054358, 0.553281509, 0.800700614, 0.826802597, 0.289611112, 0.316404683, 0.330109913, 0.347733691, 0.343215185, 0.465270865, 0.480934802, 0.488853529, 0.4998508, 0.498712127, 0.625156637, 0.632063219, 0.635412643, 0.639892757, 0.639014071, 0.178450244, 0.289777763, 0.351695839, 0.446623696, 0.44193199, 0.330875983, 0.474505332, 0.540008521, 0.638054948, 0.649143249, 0.561482281, 0.697360723, 0.7627447, 0.890412221, 0.907362716],
            [0.68181821, 0.657256645, 0.609867743, 0.26693847, 0.14152733, 0.111607761, 0.075557419, 0.0354006, -0.064008393, -0.068730144, -0.144310585, -0.161171375, -0.166177349, -0.133349366, -0.118047391, 1, 0.986512012, 0.9400284, 0.437096879, 0.215844973, 0.390578239, 0.362516775, 0.310032397, 0.038133701, -0.035265687, 0.145637637, 0.13515036, 0.118473954, 0.042878885, 0.01750422, 0.256738258, 0.22701207, 0.209693162, 0.174970097, 0.159128762, 0.018985131, 0.00496952, -0.002799515, -0.018554064, -0.026873865, 0.128623873, 0.125331016, 0.122870425, 0.111149824, 0.095725718, 0.431717044, 0.336231612, 0.280321652, 0.164110804, 0.124870627, -0.012976952, 0.004754923, 0.011538831, 0.011909542, 0.00940777, 0.070439831, 0.117850729, 0.127933757, 0.090524911, 0.068762346],
            [0.659922125, 0.658399522, 0.636942061, 0.380096249, 0.269265121, 0.060799288, 0.041783101, 0.021669447, -0.016974222, -0.01005517, -0.155873112, -0.156781588, -0.147295142, -0.087955197, -0.070403637, 0.986512012, 1, 0.983173577, 0.577513116, 0.370696851, 0.335436501, 0.33378193, 0.311359347, 0.125731559, 0.066578372, 0.137311129, 0.144329208, 0.143181831, 0.102222611, 0.082724011, 0.365728487, 0.341358705, 0.326870077, 0.298147108, 0.285918548, 0.079099589, 0.067673205, 0.061308166, 0.048547908, 0.042037584, 0.156056524, 0.155080224, 0.153778621, 0.143070211, 0.126315027, 0.503995372, 0.431404974, 0.390222095, 0.30671001, 0.269329846, 0.021851836, 0.060554858, 0.077195379, 0.092750559, 0.092317616, 0.119045019, 0.177101787, 0.190527498, 0.152612624, 0.128304398],
            [0.613038594, 0.637194678, 0.645370446, 0.493916779, 0.403671291, 0.001167759, 0.001741649, 0.004694043, 0.035833456, 0.055885134, -0.165753849, -0.148732103, -0.123144615, -0.035031461, -0.015179445, 0.9400284, 0.983173577, 1, 0.716343119, 0.532572236, 0.263264295, 0.291128041, 0.302979824, 0.219727678, 0.178474062, 0.121852754, 0.148253683, 0.164625858, 0.164426876, 0.15238943, 0.475127853, 0.457427514, 0.446521955, 0.42544803, 0.417813606, 0.142698798, 0.134469467, 0.129845619, 0.120801483, 0.11653674, 0.179819247, 0.181442792, 0.181467979, 0.172216333, 0.154505579, 0.566164834, 0.521381943, 0.498185824, 0.455749875, 0.422466026, 0.058455935, 0.119744016, 0.147185329, 0.180173131, 0.182379098, 0.167717289, 0.236113324, 0.253094544, 0.216610264, 0.190501943],
            [0.205802969, 0.318012562, 0.43584702, 0.749871573, 0.778094473, -0.236840026, -0.16246975, -0.072407619, 0.22107671, 0.288143192, -0.168057115, -0.087813477, -0.007402828, 0.171638291, 0.19734596, 0.437096879, 0.577513116, 0.716343119, 1, 0.971477366, -0.101312204, 0.02876494, 0.166609972, 0.502656153, 0.544961603, 0.00021282, 0.091762197, 0.170648949, 0.334353342, 0.358052219, 0.718213496, 0.730979293, 0.737023245, 0.75271722, 0.767151633, 0.32313531, 0.329237283, 0.332495038, 0.340316898, 0.346267108, 0.185756035, 0.196484392, 0.201439042, 0.200765131, 0.185539334, 0.577098987, 0.652688692, 0.708528063, 0.858818834, 0.862210359, 0.158859295, 0.289286449, 0.35197425, 0.450949988, 0.466048022, 0.273502792, 0.360900965, 0.388383697, 0.379089511, 0.358301075],
            [0.036584229, 0.163337742, 0.302713792, 0.738235436, 0.806876524, -0.291881721, -0.202595195, -0.094677558, 0.253236869, 0.329640573, -0.159558724, -0.0678763, 0.021973616, 0.215173097, 0.241717389, 0.215844973, 0.370696851, 0.532572236, 0.971477366, 1, -0.208869678, -0.06133987, 0.100943308, 0.534615999, 0.599958835, -0.050966899, 0.051068297, 0.141659893, 0.343914002, 0.378178627, 0.704906203, 0.725630991, 0.736296677, 0.762413356, 0.783387957, 0.336350899, 0.346082786, 0.351365302, 0.363589025, 0.372285681, 0.152940721, 0.165233152, 0.171146958, 0.17330977, 0.160793845, 0.493415705, 0.598991851, 0.675422828, 0.882318673, 0.902471636, 0.162568452, 0.30201556, 0.370508836, 0.484872136, 0.504266563, 0.26332042, 0.347908974, 0.376955515, 0.382620339, 0.367825105],
            [0.630750093, 0.568438584, 0.478599326, -0.011731048, -0.173020944, 0.821997837, 0.783109099, 0.697114391, 0.229039304, 0.096224648, 0.360719165, 0.294412298, 0.213285593, -0.021633527, -0.068423245, 0.390578239, 0.335436501, 0.263264295, -0.101312204, -0.208869678, 1, 0.972292276, 0.88349348, 0.293660904, 0.120296431, 0.4898169, 0.460105662, 0.411346064, 0.195582736, 0.129579671, 0.117307941, 0.097131756, 0.085127474, 0.056753109, 0.03755943, 0.141621008, 0.134434023, 0.130350141, 0.121958114, 0.117415644, 0.196983608, 0.191659481, 0.188845328, 0.185847192, 0.188050255, 0.341261144, 0.199467249, 0.106792232, -0.126297591, -0.190346645, 0.447694198, 0.310259027, 0.233062587, 0.102712829, 0.071343369, 0.171189154, 0.0954734, 0.063263696, 0.03829616, 0.037957444],
            [0.595849571, 0.556732584, 0.493670648, 0.099298676, -0.042223976, 0.787092867, 0.792094857, 0.751903964, 0.391019306, 0.270720302, 0.346487717, 0.32479237, 0.283272653, 0.118414379, 0.077848232, 0.362516775, 0.33378193, 0.291128041, 0.02876494, -0.06133987, 0.972292276, 1, 0.968509289, 0.508029911, 0.346887381, 0.496692749, 0.507403453, 0.493165153, 0.347553646, 0.29128405, 0.253885702, 0.240131619, 0.231393202, 0.208598958, 0.191093861, 0.321020489, 0.316661698, 0.314038721, 0.308834982, 0.306355194, 0.317436348, 0.314637347, 0.313095231, 0.311806645, 0.313690776, 0.407519934, 0.28764597, 0.210488087, 0.018796379, -0.039715511, 0.56765163, 0.465274764, 0.403658957, 0.297438493, 0.268482824, 0.251878456, 0.202421978, 0.182457369, 0.178618781, 0.180710571],
            [0.52131314, 0.509453289, 0.478986152, 0.212046369, 0.100607199, 0.701089615, 0.752294702, 0.763190135, 0.538895164, 0.439693761, 0.309502532, 0.336827105, 0.340247962, 0.260818906, 0.229600475, 0.310032397, 0.311359347, 0.302979824, 0.166609972, 0.100943308, 0.88349348, 0.968509289, 1, 0.705883933, 0.567902458, 0.472938678, 0.526481574, 0.550303943, 0.489485555, 0.447320835, 0.383853484, 0.377878102, 0.373205853, 0.357836222, 0.343214507, 0.491885891, 0.490812609, 0.489911529, 0.488449576, 0.48835615, 0.426719765, 0.42677646, 0.426683432, 0.427328201, 0.428821879, 0.453685434, 0.364433962, 0.308533985, 0.172898041, 0.123934933, 0.659198192, 0.600282867, 0.559175177, 0.486258662, 0.462093537, 0.32251388, 0.304048461, 0.298452267, 0.317994659, 0.322778226],
            [0.10101757, 0.172393958, 0.247971262, 0.454917386, 0.475037026, 0.181313585, 0.341404, 0.491287552, 0.743330962, 0.745868772, 0.079721734, 0.236979606, 0.368343035, 0.568131274, 0.577614884, 0.038133701, 0.125731559, 0.219727678, 0.502656153, 0.534615999, 0.293660904, 0.508029911, 0.705883933, 1, 0.983392559, 0.217119587, 0.375375233, 0.501721886, 0.715296311, 0.732060498, 0.604351167, 0.62360799, 0.632743721, 0.645124633, 0.644428029, 0.78095402, 0.789658304, 0.794030507, 0.803983993, 0.811035159, 0.575666537, 0.583740559, 0.587785679, 0.593970649, 0.594384859, 0.414595648, 0.445882812, 0.471798439, 0.549315029, 0.546911507, 0.650673432, 0.736185675, 0.770317928, 0.830088758, 0.83297156, 0.399292423, 0.47566156, 0.513882943, 0.598087858, 0.610804904],
            [-0.017665635, 0.068617374, 0.16467798, 0.475978398, 0.528865724, 0.031546915, 0.202715419, 0.372530812, 0.721592933, 0.751278632, 0.011905678, 0.187814457, 0.339928779, 0.594331669, 0.614257019, -0.035265687, 0.066578372, 0.178474062, 0.544961603, 0.599958835, 0.120296431, 0.346887381, 0.567902458, 0.983392559, 1, 0.129738386, 0.301540409, 0.44378902, 0.711698659, 0.743059579, 0.603296878, 0.627535323, 0.639527404, 0.658105509, 0.661014195, 0.777578915, 0.787943974, 0.793251223, 0.805262072, 0.81362583, 0.561318145, 0.570615227, 0.575315429, 0.582473657, 0.582900247, 0.368915199, 0.427054954, 0.471008132, 0.595623021, 0.605404354, 0.580664816, 0.693526922, 0.743955486, 0.836731248, 0.848311777, 0.381826621, 0.474721633, 0.520833142, 0.61651357, 0.631172137],
            [0.345483697, 0.348762121, 0.338446615, 0.163060059, 0.070309749, 0.447633246, 0.44618731, 0.418623589, 0.199218439, 0.126608575, 0.761459054, 0.729167321, 0.652045877, 0.320592779, 0.238780649, 0.145637637, 0.137311129, 0.121852754, 0.00021282, -0.050966899, 0.4898169, 0.496692749, 0.472938678, 0.217119587, 0.129738386, 1, 0.973882122, 0.906036934, 0.549104092, 0.436962058, 0.232985701, 0.242956818, 0.247602478, 0.250918273, 0.244791432, 0.234231894, 0.240351128, 0.243394927, 0.247429586, 0.246638571, 0.618991125, 0.615339496, 0.613051386, 0.608672278, 0.606764332, 0.48476451, 0.431280796, 0.381525039, 0.179888806, 0.096368787, 0.342171489, 0.250837859, 0.197723776, 0.103031073, 0.078759758, 0.602839058, 0.476083383, 0.412726022, 0.327744473, 0.306594118],
            [0.307756946, 0.321504427, 0.324425723, 0.208298831, 0.133210807, 0.390204941, 0.418572031, 0.424459864, 0.298797392, 0.243197871, 0.72489488, 0.747319945, 0.720198976, 0.483884677, 0.413054358, 0.13515036, 0.144329208, 0.148253683, 0.091762197, 0.051068297, 0.460105662, 0.507403453, 0.526481574, 0.375375233, 0.301540409, 0.973882122, 1, 0.978458355, 0.72423157, 0.629104497, 0.330777798, 0.345136607, 0.351905937, 0.357660078, 0.350432243, 0.348181223, 0.356859897, 0.361242441, 0.368000534, 0.368699463, 0.745975074, 0.744925819, 0.743993299, 0.742005226, 0.74084272, 0.529465796, 0.496545935, 0.45928573, 0.282363319, 0.19991922, 0.394377206, 0.336185463, 0.299794131, 0.235951951, 0.217531298, 0.681933467, 0.598090592, 0.555059352, 0.504239147, 0.487755777],
            [0.257832056, 0.280556211, 0.295537679, 0.239747264, 0.184627597, 0.319185854, 0.373353823, 0.409451127, 0.375418407, 0.338116043, 0.658481831, 0.729711777, 0.749384285, 0.610727294, 0.553281509, 0.118473954, 0.143181831, 0.164625858, 0.170648949, 0.141659893, 0.411346064, 0.493165153, 0.550303943, 0.501721886, 0.44378902, 0.906036934, 0.978458355, 1, 0.850814745, 0.775564537, 0.40428718, 0.422021442, 0.430436512, 0.438190188, 0.430308283, 0.43509339, 0.445710825, 0.451115774, 0.460056488, 0.462091818, 0.827196554, 0.828549708, 0.828887819, 0.829177654, 0.828783687, 0.545542722, 0.532923915, 0.508813485, 0.362760098, 0.285167205, 0.42277133, 0.397376843, 0.377957047, 0.345637921, 0.333594795, 0.722207361, 0.681062681, 0.658532807, 0.641720247, 0.630489663],
            [0.063487066, 0.105083085, 0.149027051, 0.268456054, 0.279805131, 0.063711329, 0.172140558, 0.27810978, 0.489916102, 0.509459919, 0.352582713, 0.533809565, 0.669180928, 0.810743366, 0.800700614, 0.042878885, 0.102222611, 0.164426876, 0.334353342, 0.343914002, 0.195582736, 0.347553646, 0.489485555, 0.715296311, 0.711698659, 0.549104092, 0.72423157, 0.850814745, 1, 0.991430705, 0.504653943, 0.527664467, 0.538732225, 0.550365229, 0.542605516, 0.558745471, 0.572161186, 0.579091981, 0.591861285, 0.5969932, 0.86066162, 0.867737076, 0.871194874, 0.877332009, 0.879309318, 0.46985682, 0.512354356, 0.5274434, 0.492980795, 0.444768075, 0.397825292, 0.461120307, 0.489802417, 0.5492848, 0.557882612, 0.67041063, 0.745010688, 0.779757031, 0.858462232, 0.865201502],
            [0.004960883, 0.04965227, 0.0994198, 0.261970181, 0.291495769, -0.007044645, 0.109563425, 0.228033465, 0.493573308, 0.527617226, 0.260187424, 0.46031059, 0.618225765, 0.82388688, 0.826802597, 0.01750422, 0.082724011, 0.15238943, 0.358052219, 0.378178627, 0.129579671, 0.29128405, 0.447320835, 0.732060498, 0.743059579, 0.436962058, 0.629104497, 0.775564537, 0.991430705, 1, 0.504001753, 0.527424849, 0.538738261, 0.550996133, 0.543716626, 0.558867328, 0.572375427, 0.57937954, 0.59256001, 0.598277919, 0.827287578, 0.835380855, 0.839421543, 0.846772373, 0.849423558, 0.427051136, 0.481603446, 0.506058619, 0.502276967, 0.464113977, 0.367650419, 0.449828215, 0.489512996, 0.571507586, 0.585838266, 0.62344238, 0.722303915, 0.769784209, 0.871341768, 0.883438323],
